0                         1.03697643679084
0.015624999999999998      1.0438315588187275
0.031249999999999997      1.0598693630154923
0.04687499999999999       1.0861145991560686
0.062499999999999986      1.1228796867825779
0.07812499999999997       1.1704626030610759
0.09374999999999996       1.229211230317065
0.10937499999999994       1.299538937426553
0.12499999999999993       1.3819304091925106
0.14062499999999992       1.4769446899093612
0.1562499999999999        1.5852174379377313
0.17187499999999986       1.707463271393046
0.18749999999999983       1.84447874854862
0.2031249999999998        1.9971463392503976
0.21874999999999978       2.1664395735403486
0.23437499999999975       2.3534294277097385
0.24999999999999972       2.55929198578249
0.26562499999999967       2.785317494979238
0.2812499999999996        3.0329210270650635
0.29687499999999956       3.3036549624261324
0.3124999999999995        3.5992234288965355
0.32812499999999944       3.921498749200102
0.3437499999999994        4.272539952799359
0.35937499999999933       4.654613459043799
0.3749999999999993        5.070216049159129
0.3906249999999992        5.522100186709979
0.40624999999999917       6.0133016969638335
0.4218749999999991        6.5471698344856675
0.43749999999999906       7.127399822761998
0.453124999999999         7.758067998083917
0.46874999999999895       8.443669737081885
0.4843749999999989        9.189160441858608
0.5                       10
