0                         1.7901703429042923
0.015624999999999998      1.7960057842711727
0.031249999999999997      1.8096598717023824
0.04687499999999999       1.8320099115789086
0.062499999999999986      1.8633304782802462
0.07812499999999997       1.903888276761049
0.09374999999999996       1.9539981044042083
0.10937499999999994       2.0140378050399272
0.12499999999999993       2.0844554715105255
0.14062499999999992       2.165774797426276
0.1562499999999999        2.2586001582433175
0.17187499999999986       2.3636219757548274
0.18749999999999983       2.481622611390479
0.2031249999999998        2.613482926449902
0.21874999999999978       2.760189607681217
0.23437499999999975       2.9228433428954723
0.24999999999999972       3.1026679288544483
0.26562499999999967       3.3010203967137604
0.2812499999999996        3.5194022464126564
0.29687499999999956       3.759471889503178
0.3124999999999995        4.023058409528997
0.32812499999999944       4.312176760004185
0.3437499999999994        4.629044532252127
0.35937499999999933       4.976100438871329
0.3749999999999993        5.356024673471979
0.3906249999999992        5.771761323681337
0.40624999999999917       6.226543032376425
0.4218749999999991        6.723918121818035
0.43749999999999906       7.267780417000306
0.453124999999999         7.8624020282844675
0.46874999999999895       8.512469379464791
0.4843749999999989        9.22312279605099
0.5                       10
