0                         1.733456957111169
0.03125                   1.7570666602017921
0.0625                    1.8127625790926614
0.09375                   1.9052890524139072
0.125                     2.0377693275416706
0.15625                   2.214203670315072
0.1875                    2.439817785919961
0.21875                   2.721285380789788
0.25                      3.066966186283487
0.28125                   3.487191157320786
0.3125                    3.9946108324968668
0.34375                   4.604620904137747
0.375                     5.335880492952647
0.40625                   6.210941430255568
0.4375                    7.257010578790355
0.46875                   8.506871828826041
0.5                       10
