0                         1.2505050286249141E-8
0.03125                   7.85117760064106E-8
0.0625                    -3.114209010754923E-7
0.09375                   1.8932177967589473E-7
0.125                     5.17796532041593E-6
0.15625                   -2.0444890778733798E-5
0.1875                    -6.941161662644813E-5
0.21875                   0.0012943694256883896
0.25                      0.012226528643147638
0.28125                   0.05920626849805911
0.3125                    0.2043266848513212
0.34375                   0.5608806509916612
0.375                     1.2898219376295195
0.40625                   2.559840457347003
0.4375                    4.4763258443964276
0.46875                   7.013552410380401
0.5                       10
