0                         1.0311778765759958
0.03125                   1.0584850160989392
0.0625                    1.1228713096736171
0.09375                   1.229726309005408
0.125                     1.3824586987364247
0.15625                   1.5853265352002979
0.1875                    1.8437647360123817
0.21875                   2.164554007193105
0.25                      2.5559991302561276
0.28125                   3.028159003945119
0.3125                    3.5931529747564737
0.34375                   4.26556498199465
0.375                     5.062966149064501
0.40625                   6.006575119246102
0.4375                    7.122075681436309
0.46875                   8.440613819037662
0.5                       10
