0                         1.7641321586527436
0.03125                   1.7818766268644977
0.0625                    1.8356232739106635
0.09375                   1.9269287539862359
0.125                     2.058444486231505
0.15625                   2.2340041841946823
0.1875                    2.458750543271094
0.21875                   2.739305409218858
0.25                      3.0839892452832736
0.28125                   3.503097417086803
0.3125                    4.009242783687974
0.34375                   4.617776390137227
0.375                     5.3473007835618045
0.40625                   6.220293718415618
0.4375                    7.263863892704048
0.46875                   8.5106650041783
0.5                       9.999999999999998
