0                         1.0311778765759962
0.03125                   1.0584850160989396
0.0625                    1.122871309673617
0.09375                   1.2297263090054085
0.125                     1.3824586987364256
0.15625                   1.5853265352002983
0.1875                    1.8437647360123817
0.21875                   2.1645540071931055
0.25                      2.555999130256129
0.28125                   3.02815900394512
0.3125                    3.5931529747564737
0.34375                   4.2655649819946495
0.375                     5.062966149064502
0.40625                   6.0065751192461025
0.4375                    7.12207568143631
0.46875                   8.44061381903766
0.5                       10
