0                         1.7334569571111693
0.03125                   1.7570666602017921
0.0625                    1.8127625790926611
0.09375                   1.9052890524139077
0.125                     2.037769327541671
0.15625                   2.2142036703150727
0.1875                    2.439817785919961
0.21875                   2.721285380789788
0.25                      3.066966186283488
0.28125                   3.487191157320786
0.3125                    3.9946108324968668
0.34375                   4.604620904137747
0.375                     5.335880492952649
0.40625                   6.21094143025557
0.4375                    7.257010578790358
0.46875                   8.506871828826043
0.5                       10
