0                         1.2505050286248307E-8
0.03125                   7.851177600640903E-8
0.0625                    -3.114209010754953E-7
0.09375                   1.8932177967588523E-7
0.125                     5.177965320415894E-6
0.15625                   -2.044489077873391E-5
0.1875                    -6.941161662644808E-5
0.21875                   0.0012943694256883904
0.25                      0.01222652864314764
0.28125                   0.059206268498059114
0.3125                    0.20432668485132124
0.34375                   0.5608806509916613
0.375                     1.2898219376295195
0.40625                   2.559840457347002
0.4375                    4.476325844396425
0.46875                   7.0135524103804
0.5                       10
