0                         1.272350168850036E-6
0.015624999999999998      1.4873656589111039E-6
0.031249999999999997      2.238508663275574E-6
0.04687499999999999       3.899541099390532E-6
0.062499999999999986      7.3066701643657E-6
0.07812499999999997       1.4191144348819095E-5
0.09374999999999996       2.806373927199357E-5
0.10937499999999994       5.597556813642708E-5
0.12499999999999993       1.1196725564340974E-4
0.14062499999999992       2.2372025915382265E-4
0.1562499999999999        4.4515655325934984E-4
0.17187499999999986       8.798117773729591E-4
0.18749999999999983       0.0017231347765587612
0.2031249999999998        0.0033368324730056733
0.21874999999999978       0.006375078170001776
0.23437499999999975       0.011990055955605702
0.24999999999999972       0.022150338181583504
0.26562499999999967       0.04010449878667278
0.2812499999999996        0.07100528131894991
0.29687499999999956       0.12266604121461427
0.3124999999999995        0.20634482105713586
0.32812499999999944       0.33735092877873274
0.3437499999999994        0.5351784709548818
0.35937499999999933       0.8228497687222123
0.3749999999999993        1.2252570147283703
0.3906249999999992        1.7665339651965062
0.40624999999999917       2.4668017106295443
0.4218749999999991        3.33888718680414
0.43749999999999906       4.385702886529151
0.453124999999999         5.598877375157821
0.46874999999999895       6.958992113081324
0.4843749999999989        8.437486575203685
0.5                       9.999999999999998
