0                         1.7640466003759048
0.015624999999999998      1.7684749055278082
0.031249999999999997      1.7817917651817505
0.04687499999999999       1.804093274778364
0.062499999999999986      1.8355404717114219
0.07812499999999997       1.8763606606422831
0.09374999999999996       1.9268492846490508
0.10937499999999994       1.9873723580905294
0.12499999999999993       2.058369481841738
0.14062499999999992       2.14035746651879
0.1562499999999999        2.2339345945009934
0.17187499999999986       2.3397855570207646
0.18749999999999983       2.458687108378132
0.2031249999999998        2.5915144854961443
0.21874999999999978       2.739248647621992
0.23437499999999975       2.902984398053454
0.24999999999999972       3.083939457396049
0.26562499999999967       3.283464566098112
0.2812499999999996        3.503054702944114
0.29687499999999956       3.7443615158902572
0.3124999999999995        4.0092070721842274
0.32812499999999944       4.299599046219328
0.3437499999999994        4.6177474761342685
0.35937499999999933       4.966083233892362
0.3749999999999993        5.347278368584425
0.3906249999999992        5.764268499126409
0.40624999999999917       6.220277450517337
0.4218749999999991        6.7188443475425785
0.43749999999999906       7.263853401429914
0.453124999999999         7.859566648681142
0.46874999999999895       8.510659927329094
0.4843749999999989        9.222262404434526
0.5                       9.999999999999998
