0                         1.7460371220813726
0.015624999999999998      1.7519548246711865
0.031249999999999997      1.765800539552798
0.04687499999999999       1.788461725044566
0.062499999999999986      1.8202131972000541
0.07812499999999997       1.861320357705815
0.09374999999999996       1.9120959316668662
0.10937499999999994       1.972915115706147
0.12499999999999993       2.0442228584305826
0.14062499999999992       2.126539255533106
0.1562499999999999        2.220464661087047
0.17187499999999986       2.3266850763710627
0.18749999999999983       2.4459780645171434
0.2031249999999998        2.5792193303854143
0.21874999999999978       2.727390064722133
0.23437499999999975       2.8915851377194253
0.24999999999999972       3.0730222245485854
0.26562499999999967       3.273051948411676
0.2812499999999996        3.4931691328122745
0.29687499999999956       3.7350252631316017
0.3124999999999995        4.000442267630418
0.32812499999999944       4.291427739160712
0.3437499999999994        4.610191730864309
0.35937499999999933       4.959165272068019
0.3749999999999993        5.341020764859945
0.3906249999999992        5.758694437777937
0.40624999999999917       6.21541105073299
0.4218749999999991        6.7147110647636365
0.43749999999999906       7.260480511675063
0.453124999999999         7.856983822376153
0.46874999999999895       8.508899899046897
0.4843749999999989        9.221361745263138
0.5                       10
