0                         1.0320432752578662E-7
0.015624999999999998      1.3862324703569998E-7
0.031249999999999997      2.4496262515158463E-7
0.04687499999999999       5.069040676511512E-7
0.062499999999999986      1.1269621343030051E-6
0.07812499999999997       2.590738936815991E-6
0.09374999999999996       6.0511759454599915E-6
0.10937499999999994       1.4223812372252007E-5
0.12499999999999993       3.343864175401865E-5
0.14062499999999992       7.82470806816228E-5
0.1562499999999999        1.81501065458566E-4
0.17187499999999986       4.1569598085808724E-4
0.18749999999999983       9.363500956079078E-4
0.2031249999999998        0.0020657457951836038
0.21874999999999978       0.004444433064411238
0.23437499999999975       0.009283806647878708
0.24999999999999972       0.018746181654497596
0.26562499999999967       0.036449666269078064
0.2812499999999996        0.06804991205703809
0.29687499999999956       0.12181858107174254
0.3124999999999995        0.2091427782976476
0.32812499999999944       0.34489523572955894
0.3437499999999994        0.5476099127290504
0.35937499999999933       0.8392359012119508
0.3749999999999993        1.2439755002507542
0.3906249999999992        1.785788988326681
0.40624999999999917       2.48486623651341
0.4218749999999991        3.3541161162039828
0.43749999999999906       4.396741720669147
0.453124999999999         5.60525676323731
0.46874999999999895       6.961579801990255
0.4843749999999989        8.438055665647067
0.5                       10
