0                         1.0320432752578673E-7
0.015624999999999998      1.386232470357001E-7
0.031249999999999997      2.4496262515158484E-7
0.04687499999999999       5.069040676511513E-7
0.062499999999999986      1.1269621343030055E-6
0.07812499999999997       2.590738936815992E-6
0.09374999999999996       6.0511759454599915E-6
0.10937499999999994       1.422381237225201E-5
0.12499999999999993       3.343864175401866E-5
0.14062499999999992       7.824708068162283E-5
0.1562499999999999        1.815010654585661E-4
0.17187499999999986       4.156959808580874E-4
0.18749999999999983       9.36350095607908E-4
0.2031249999999998        0.002065745795183604
0.21874999999999978       0.00444443306441124
0.23437499999999975       0.00928380664787871
0.24999999999999972       0.018746181654497603
0.26562499999999967       0.03644966626907806
0.2812499999999996        0.06804991205703807
0.29687499999999956       0.12181858107174251
0.3124999999999995        0.20914277829764757
0.32812499999999944       0.3448952357295588
0.3437499999999994        0.5476099127290502
0.35937499999999933       0.8392359012119506
0.3749999999999993        1.2439755002507538
0.3906249999999992        1.7857889883266804
0.40624999999999917       2.4848662365134095
0.4218749999999991        3.354116116203982
0.43749999999999906       4.396741720669145
0.453124999999999         5.605256763237308
0.46874999999999895       6.961579801990252
0.4843749999999989        8.438055665647065
0.5                       10
