0                         1.7460371220813677
0.015624999999999998      1.7519548246711827
0.031249999999999997      1.765800539552793
0.04687499999999999       1.7884617250445618
0.062499999999999986      1.8202131972000497
0.07812499999999997       1.8613203577058113
0.09374999999999996       1.9120959316668624
0.10937499999999994       1.9729151157061442
0.12499999999999993       2.04422285843058
0.14062499999999992       2.126539255533103
0.1562499999999999        2.2204646610870444
0.17187499999999986       2.3266850763710605
0.18749999999999983       2.445978064517142
0.2031249999999998        2.579219330385413
0.21874999999999978       2.727390064722133
0.23437499999999975       2.891585137719426
0.24999999999999972       3.073022224548585
0.26562499999999967       3.2730519484116765
0.2812499999999996        3.4931691328122754
0.29687499999999956       3.7350252631316017
0.3124999999999995        4.00044226763042
0.32812499999999944       4.291427739160712
0.3437499999999994        4.610191730864308
0.35937499999999933       4.9591652720680175
0.3749999999999993        5.341020764859944
0.3906249999999992        5.758694437777931
0.40624999999999917       6.215411050732985
0.4218749999999991        6.714711064763631
0.43749999999999906       7.260480511675057
0.453124999999999         7.856983822376151
0.46874999999999895       8.508899899046895
0.4843749999999989        9.221361745263138
0.5                       10
