0                         1.0369764367908407
0.015624999999999998      1.0438315588187281
0.031249999999999997      1.0598693630154927
0.04687499999999999       1.0861145991560694
0.062499999999999986      1.1228796867825783
0.07812499999999997       1.1704626030610765
0.09374999999999996       1.229211230317065
0.10937499999999994       1.2995389374265536
0.12499999999999993       1.3819304091925109
0.14062499999999992       1.4769446899093617
0.1562499999999999        1.5852174379377317
0.17187499999999986       1.7074632713930473
0.18749999999999983       1.8444787485486205
0.2031249999999998        1.9971463392503979
0.21874999999999978       2.166439573540349
0.23437499999999975       2.3534294277097376
0.24999999999999972       2.5592919857824894
0.26562499999999967       2.7853174949792363
0.2812499999999996        3.0329210270650613
0.29687499999999956       3.303654962426131
0.3124999999999995        3.5992234288965346
0.32812499999999944       3.9214987492001017
0.3437499999999994        4.2725399527993595
0.35937499999999933       4.654613459043797
0.3749999999999993        5.070216049159128
0.3906249999999992        5.522100186709977
0.40624999999999917       6.013301696963833
0.4218749999999991        6.547169834485668
0.43749999999999906       7.127399822761994
0.453124999999999         7.758067998083913
0.46874999999999895       8.44366973708188
0.4843749999999989        9.189160441858604
0.5                       10
