0                         1.0312825770615435
0.03125                   1.0585870999898028
0.0625                    1.1229669532525866
0.09375                   1.2298107416007502
0.125                     1.3825267445334466
0.15625                   1.5853733059619033
0.1875                    1.8437865126179895
0.21875                   2.1645491712682077
0.25                      2.555968889831033
0.28125                   3.0281075510214692
0.3125                    3.5930869680762005
0.34375                   4.265492596212144
0.375                     5.062895988702236
0.40625                   6.006515187060801
0.4375                    7.122032459225065
0.46875                   8.440591492990267
0.5                       10
