0                         1.7774302137981934
0.03125                   1.8007198607006663
0.0625                    1.8556729385354984
0.09375                   1.9470014140733605
0.125                     2.077839350890293
0.15625                   2.2522086277926947
0.1875                    2.4753644362582468
0.21875                   2.7540170730626357
0.25                      3.0965694578293963
0.28125                   3.513401718923423
0.3125                    4.017218747896773
0.34375                   4.62347477483862
0.375                     5.350890489987491
0.40625                   6.222081049021324
0.4375                    7.264317026107039
0.46875                   8.51044499170556
0.5                       10
