0                         1.0370790949998494
0.015624999999999998      1.043932956518909
0.031249999999999997      1.0599682552153713
0.04687499999999999       1.0862106252195831
0.062499999999999986      1.1229739491598545
0.07812499999999997       1.1705578237776737
0.09374999999999996       1.2293115468624702
0.10937499999999994       1.2996493605984993
0.12499999999999993       1.3820560252129583
0.14062499999999992       1.4770897373810539
0.1562499999999999        1.5853844023935029
0.17187499999999986       1.7076521092829384
0.18749999999999983       1.8446862984833106
0.2031249999999998        1.9973659435951814
0.21874999999999978       2.1666609529729755
0.23437499999999975       2.3536389129855726
0.24999999999999972       2.5594732460789853
0.26562499999999967       2.7854528364701547
0.2812499999999996        3.032993170596586
0.29687499999999956       3.303649045467816
0.3124999999999995        3.5991289231514036
0.32812499999999944       3.921311048852856
0.3437499999999994        4.272261479852457
0.35937499999999933       4.654254171657059
0.3749999999999993        5.069793241673888
0.3906249999999992        5.521637513421963
0.40624999999999917       6.012827457108875
0.4218749999999991        6.5467146699144205
0.43749999999999906       7.126994060851061
0.453124999999999         7.757738918450698
0.46874999999999895       8.443439067209683
0.4843749999999989        9.189042380582242
0.5                       10
